Ghana : 89.0
Hantu: 79.95
Wanti: 85.06666666666666
Mamad: 77.33333333333333
Ghana: 84.3157894736842
Wanti : 70.0
Mamad : 76.4
